eMin: -0.309955 at state 0 ( [ +0.000000 +0.000000 +0.000000 ] spin 0 )
HOMO: +0.177351 at state 0 ( [ +0.000000 +0.000000 +0.000000 ] spin 0 )
mu  : +0.196096
LUMO: +0.213769 at state 0 ( [ +0.000000 +0.000000 +0.000000 ] spin 0 )
eMax: +1.181900 at state 0 ( [ +0.000000 +0.000000 +0.000000 ] spin 0 )
HOMO-LUMO gap: +0.036418
Optical gap  : +0.036418 at state 0 ( [ +0.000000 +0.000000 +0.000000 ] spin 0 )
