eMin: -0.307012 at state 0 ( [ +0.000000 +0.000000 +0.000000 ] spin 0 )
HOMO: +0.180239 at state 0 ( [ +0.000000 +0.000000 +0.000000 ] spin 0 )
mu  : +0.199622
LUMO: +0.217200 at state 0 ( [ +0.000000 +0.000000 +0.000000 ] spin 0 )
eMax: +1.184013 at state 0 ( [ +0.000000 +0.000000 +0.000000 ] spin 0 )
HOMO-LUMO gap: +0.036961
Optical gap  : +0.036961 at state 0 ( [ +0.000000 +0.000000 +0.000000 ] spin 0 )
